C = sparse(6,6);
C(1,2) = 3;
C(1,3) = 4;
C(2,3) = 2;
C(2,4) = 2;
C(2,5) = 2;
C(3,5) = 2;
C(4,6) = 2;
C(5,6) = 3;

centers = [0 0;2 3;1 0;4 3;3 0;5 0];
radii = 0.2*ones(6);
